0.784836 8.531636 5.157055
1.567706 8.340539 5.289395
0.973842 8.095816 5.788731
0.151025 8.286228 5.596035
0.358761 7.814896 6.22886
-0.474115 7.987751 5.997588
-0.26218 7.498508 6.610873
8.324204 3.722974 4.10452
8.720263 3.43488 3.486922
8.545511 3.050441 4.203456
8.913483 2.776529 3.583395
2.131905 3.737769 -9.026853
1.805656 2.988534 -9.370606
2.595746 3.16044 -9.125443
2.318629 2.475272 -9.407284
-8.036317 4.880888 3.405077
-7.647257 5.637497 3.120591
-7.517858 5.306706 3.914165
-7.830913 4.637495 4.143724
5.043163 7.434253 -4.392993
5.223632 7.744266 -3.569314
4.55709 7.884807 -4.130708
4.670052 8.147667 -3.436007
-5.10139 5.107325 -6.920336
-5.803489 4.822765 -6.562047
-5.405127 4.354512 -7.198808
-6.080673 3.995341 -6.860223
-7.070361 4.075789 -5.779095
-6.724042 3.583285 -6.476675
-6.463578 4.479644 -6.176969
-2.417871 5.366006 -8.084546
-1.629517 5.498918 -8.19186
-2.057315 5.997434 -7.732932
-2.843669 5.814836 -7.622416
-3.268525 9.336199 1.467014
-3.300132 9.413239 0.707135
-2.637304 9.581398 1.114199
-2.702974 9.617743 0.439266
-6.779679 4.967157 -5.418791
-5.474057 5.565098 -6.25015
-1.28019 6.134745 -7.79269
-4.704084 7.445009 4.73745
-4.848547 7.76623 4.022098
-4.122774 7.941387 4.465099
-4.277359 8.237299 3.721708
-7.350169 4.529809 -5.045379
-4.761809 5.815176 -6.596128
-0.82947 5.621011 -8.228987
-6.94738 5.47087 -4.669421
4.003677 8.250235 -3.988007
-5.079724 6.19803 -5.981708
-7.302336 4.997167 4.658778
-2.897601 6.838987 -6.695682
-2.137716 7.027273 -6.785839
-2.525637 7.40405 -6.229061
-1.825518 7.568758 -6.275459
-0.516203 6.233725 -7.802192
-0.051081 5.687105 -8.225219
0.24 6.296171 -7.765348
0.757317 5.770754 -8.13172
-4.678828 4.62289 -7.532427
5.23475 8.042135 -2.814508
-2.08542 9.448758 -2.524279
-1.679104 9.330276 -3.182227
-1.331989 9.565081 -2.595196
-0.919918 9.425074 -3.212745
-1.735792 9.65831 -1.924598
-2.487696 9.494749 -1.913404
-2.136025 9.669372 -1.393069
-8.074731 5.893285 0.260595
-8.120215 5.809226 -0.561248
-7.61039 6.482743 -0.236656
-3.196481 5.151717 -7.952504
-3.934669 9.136814 1.018335
-2.56955 9.487507 1.839738
2.744259 9.239127 -2.666004
3.373728 9.082617 -2.474679
3.014593 9.327944 -1.975268
2.336278 9.484048 -2.143509
-4.97843 8.039432 3.253116
-4.35604 5.318768 -7.26193
4.141684 8.460249 -3.357178
-2.008117 9.767002 0.757055
-7.667438 6.384465 0.670076
-7.222282 6.911013 0.276654
-7.248608 6.792542 1.148501
-6.774128 7.311119 0.811626
-3.527733 8.380469 4.162071
3.148315 8.954279 -3.147857
-7.581894 4.339442 4.866634
-7.306173 3.181613 -6.041289
4.689907 8.393909 -2.747193
-3.89537 9.02622 1.831239
-3.20293 9.207317 2.228577
-4.410865 8.48004 2.938232
-7.098332 6.046008 3.613788
3.69282 8.813927 -2.945807
-3.614167 5.583265 -7.467593
1.372365 4.706018 8.716078
0.554232 4.935942 8.679246
1.198927 5.396395 8.333157
0.373862 5.651382 8.241488
-6.773699 7.163561 1.673435
2.972543 8.759122 -3.800234
2.661878 8.506825 -4.533026
3.419774 8.401079 -4.210346
-7.618115 3.610615 -5.378455
3.564568 8.62745 -3.58622
3.641335 9.138753 -1.795517
-3.691916 8.648044 3.4031
-6.291433 7.654869 1.349392
3.5666 9.338996 0.250023
2.972935 9.547565 0.075239
3.449066 9.371604 -0.526289
3.952202 8.896884 -2.285948
-2.092274 9.777572 0.146566
-6.230787 7.500513 2.218018
-5.724079 7.978552 1.891461
-5.630075 7.79319 2.751081
-5.089989 8.255589 2.436651
-4.504763 8.670064 2.130047
-5.151734 8.420636 1.597663
-4.558107 8.804369 1.306422
-1.397236 7.171992 -6.82717
-0.958664 6.726005 -7.337699
-0.210628 6.807245 -7.322367
3.077795 9.47643 0.85115
-2.485722 9.339285 2.56884
-8.702771 2.898167 3.982764
-8.631469 3.699391 3.436896
-8.40521 3.471564 4.15941
-8.957406 2.94383 3.331478
2.476455 9.665076 0.673399
4.326856 7.567894 -4.89952
-7.051939 4.615396 5.382217
-6.150136 5.55872 5.592536
-6.488751 4.849923 5.862965
-6.738977 5.298226 5.149271
-3.951348 4.90338 -7.768122
-0.576266 9.641004 -2.592098
3.975249 8.252101 4.01251
3.238391 8.459702 4.236303
3.567443 8.60464 3.637789
2.98571 8.851775 3.568139
-3.102568 9.025526 2.985624
2.06054 9.360769 -2.851346
4.032787 9.143961 -0.353005
-2.372914 9.139115 3.293304
3.899031 9.139256 -1.127635
5.119369 8.327773 -2.107193
4.469948 8.894168 -0.955684
4.520172 8.65398 -2.162562
4.223484 8.914414 -1.641766
4.801031 8.642742 -1.501034
3.377282 8.9318 2.969329
-8.894489 3.623167 2.785807
-2.968015 8.788542 3.735294
-2.258011 8.866782 4.035041
-2.830629 8.483781 4.47359
-2.136041 8.530195 4.761627
8.116595 3.323543 4.803638
1.345421 8.765381 4.621466
2.713981 9.184867 2.876201
-1.377462 9.897737 0.370687
1.788343 7.868797 5.906257
-1.103172 7.694916 -6.29057
3.243296 9.176783 2.295144
2.64798 9.386011 2.211561
-9.184687 2.891727 2.698044
3.167061 9.349773 1.597332
2.569959 9.555233 1.446661
-7.202195 6.334074 2.829822
-9.176998 3.372298 2.100077
-8.871117 4.09039 2.138222
-9.144926 3.773804 1.459015
-8.827593 4.475205 1.430434
3.359427 5.725408 7.478901
2.493157 6.1084 7.51476
3.087058 6.446172 6.994065
-3.952135 7.595447 5.166219
-6.706777 6.973218 2.528512
-6.128106 7.282527 3.067753
-0.157806 9.472538 -3.200958
9.063901 3.129357 2.837749
-5.859297 5.117859 6.283005
-5.039126 8.343629 -2.234071
-4.709207 8.308715 -2.964563
-4.334045 8.706396 -2.326955
-5.459922 7.8621 -2.894242
1.634513 9.592075 -2.306613
2.924893 3.862103 -8.748095
5.757082 4.607557 6.754734
6.094861 3.860751 6.924397
5.342383 4.136951 7.371877
5.710565 3.348353 7.495198
5.581152 4.913077 -6.686734
5.245738 5.499707 -6.498881
4.975615 4.977964 -7.103741
1.998092 5.162992 8.327734
-0.654889 7.276018 -6.828666
-1.265897 9.149229 -3.832639
5.566038 6.360217 5.344798
4.914969 6.741341 5.513384
5.367849 6.980918 4.738456
2.253498 6.769742 7.006592
-5.492563 5.849733 5.96761
2.031023 9.578946 2.029469
1.947241 9.72686 1.263502
-6.340909 5.881512 -5.020029
-7.829969 2.835306 -5.536481
-5.734557 6.007649 -5.56983
5.831786 5.395139 -6.073117
-7.640462 6.3612 -1.076322
4.393084 2.565174 -8.609338
4.783407 3.089504 -8.220339
4.051362 3.205209 -8.562307
4.776083 7.075957 -5.207674
4.409857 3.781272 -8.139727
2.749404 5.372294 7.973658
0.176378 9.668542 -2.547193
0.595114 9.478555 -3.13095
0.91172 9.653795 -2.443972
1.342008 9.439183 -3.016759
-4.262733 4.192118 -8.015938
-3.502023 4.422583 -8.256912
5.529519 5.932799 -5.850327
-5.130542 8.549529 0.763602
-4.514423 8.909431 0.491964
-1.976989 4.831842 -8.529057
-1.854513 9.587362 2.154823
-5.008044 4.417693 7.443352
-5.461773 4.712555 6.925378
-4.852018 4.93291 7.219718
-5.176949 5.422041 6.618207
-4.382257 6.395218 -6.316407
1.604253 2.166636 -9.629748
-8.034633 5.855878 1.073951
-7.695234 6.204988 1.510462
-1.76611 9.417012 2.863693
-6.637208 6.684722 3.355885
3.637035 4.910292 7.915871
-9.543112 2.841926 -0.9233
-9.400428 2.915007 -1.770506
-9.194885 3.703713 -1.3178
-9.415294 3.342456 -0.42455
2.181391 4.43992 8.690722
5.143545 3.63182 -7.768772
5.953487 6.557193 4.643188
6.767316 5.58636 4.795415
6.199507 5.966945 5.095261
6.530152 6.124691 4.454804
-0.505702 9.217545 -3.844625
-1.18254 4.932008 -8.618404
5.852948 7.039304 4.02383
6.384077 6.595471 3.967786
6.322545 6.978781 3.364824
6.783571 6.549924 3.328911
6.781127 6.820552 2.737954
7.210981 6.32917 2.818397
7.182335 6.033363 3.465918
7.594203 5.799049 2.949423
7.488651 5.514986 3.67492
-7.309944 3.941437 5.57044
-6.831688 4.118644 6.030324
-5.593202 4.040447 7.238154
8.710548 2.320921 4.328935
4.709305 4.372595 -7.661779
-4.648214 8.704 -1.623106
0.824835 9.673428 2.396758
1.494715 9.537956 2.60638
0.964023 9.433492 3.174885
6.455312 4.307366 6.306786
1.393516 9.72991 1.840371
2.214882 8.864975 -4.062821
2.65294 8.696493 4.163282
-5.611421 3.568323 -7.468535
-6.322138 3.063983 -7.11636
-4.540769 7.078013 5.41139
-4.341413 4.629177 7.728057
-1.389211 9.795136 -1.457872
7.874005 3.997008 4.692971
-5.146974 3.887805 7.641572
2.391421 9.063564 3.483233
5.36666 4.327127 -7.243958
2.120794 8.547215 4.737864
5.770026 3.72505 -7.26848
5.930818 4.26789 -6.827188
6.210089 3.260441 -7.127715
6.680764 2.860637 -6.869072
6.729335 3.506365 -6.513175
6.339787 3.892897 -6.68225
2.35963 8.103022 5.364064
0.426841 5.076688 -8.604943
-4.494074 4.113662 7.92976
-6.505479 2.767598 7.072422
-6.08452 3.453871 7.144886
-5.930151 2.699936 7.585753
-4.652055 2.596498 8.462658
-5.343404 2.544776 8.060531
-4.935456 3.205178 8.085054
-5.541178 3.33442 7.627384
0.792649 4.193149 9.043738
-8.512783 4.792356 2.136786
7.20304 6.59273 2.156882
7.606175 6.077962 2.281331
6.471113 5.351132 5.430477
-4.283476 3.191538 8.453752
-4.806271 6.122731 6.277892
-4.482712 5.684367 6.898787
-5.044113 7.861583 -3.571056
3.123933 8.112515 -4.942484
6.413841 3.099719 7.018147
2.883964 4.710224 8.336459
6.131782 5.015902 6.102621
-3.947035 2.633962 8.802452
-5.759779 7.903294 -2.088753
-3.950229 9.031586 -1.681118
-3.596957 3.238385 8.750701
2.822523 7.081002 6.472464
-4.016249 3.740682 8.359249
-8.129928 5.638956 -1.451362
-3.367026 3.810029 8.610854
-3.851823 4.240542 8.196418
-3.669287 4.759454 7.992742
-3.167338 4.329072 8.439615
-2.99231 4.813756 8.238558
9.217097 2.575249 2.900552
-0.072196 8.707177 4.917302
-0.661107 8.431007 5.336763
7.03974 5.035253 5.008821
-6.461015 6.348432 -4.237062
-5.31006 6.574617 -5.345809
-1.287682 9.867437 0.9877
4.044554 7.179251 -5.66568
8.480459 4.080349 3.381208
0.579236 7.290733 6.819802
6.14261 5.718606 -5.437452
-6.30734 2.042856 7.486268
2.491283 4.497755 -8.576929
5.054868 2.338951 -8.305276
-3.905902 2.86482 -8.748528
-4.419783 3.42831 -8.289283
-4.531782 2.683407 -8.500723
-3.739413 3.655331 -8.52381
-3.029215 3.878706 -8.705142
-2.553184 3.291105 -9.091198
-3.238836 3.069218 -8.949293
7.168776 6.81818 1.456391
7.105822 6.999318 0.718927
7.514648 6.532707 0.924016
-1.462849 9.889337 -0.247157
7.580016 6.322193 1.604129
-3.970382 8.658825 -3.043158
1.612959 9.277084 3.366611
1.770337 9.176359 -3.558138
1.025379 9.228147 -3.713477
6.778594 4.688178 5.663183
-4.68936 6.738903 -5.709386
-6.660099 3.493337 6.590878
3.672824 3.857181 -8.463599
1.489068 4.036055 9.027344
-1.127707 7.643012 6.349225
-4.210581 9.012617 -1.021638
-8.114014 3.30189 -4.822895
-4.879749 8.685824 -0.862847
-6.870455 2.041052 6.973589
-5.038323 8.63779 -0.062393
-4.398802 8.975954 -0.287739
-0.302698 9.387822 3.431787
-1.049288 9.446925 3.107187
-0.424033 9.623089 2.686327
-1.139755 9.635853 2.418947
-8.472282 5.130423 1.378112
6.089982 2.508561 7.524576
1.895767 8.578878 -4.775868
3.011044 2.607316 -9.172542
4.000446 4.463212 -8.004759
6.069376 2.562292 -7.523119
2.006892 7.352762 6.473738
-3.256078 9.45505 0.000579
-5.789357 7.367039 -3.494294
-7.048391 2.818403 6.509746
-4.106371 6.196674 6.688718
7.506109 6.60425 0.20547
-8.933453 3.931818 -2.175831
-6.155785 7.38848 -2.741655
-5.403935 7.240667 4.28605
-8.139774 5.196451 2.596339
-4.414706 6.620366 6.056495
-3.130499 7.211912 6.179668
-3.263973 7.658189 5.540634
-2.577086 7.6928 5.846321
-3.699995 6.680161 6.45643
2.898087 4.014768 8.68808
-3.84625 7.164096 5.820832
3.772369 4.250991 8.227899
-8.31491 4.22104 3.611799
-6.670237 1.363208 7.324589
7.353247 4.352077 5.195112
7.073282 3.983739 5.839393
1.097254 9.128975 3.931648
-6.062352 1.343205 7.838603
-0.24261 9.806718 -1.9415
-6.427792 0.660996 7.631944
-5.760269 0.671607 8.14667
-5.408765 0 8.41102
-6.095355 0 7.927588
0.502866 9.812091 -1.862792
-7.509932 5.022529 -4.286621
0.744128 9.835514 1.645884
1.306449 9.855186 1.080978
7.095611 7.046404 -0.022095
-3.600905 9.010839 -2.416251
-0.855932 8.899311 -4.479916
5.752226 7.274739 -3.74033
2.599145 9.549866 -1.429866
-9.957132 0 -0.92494
-9.967165 0.623089 -0.517087
-9.999627 0 -0.086306
4.590537 1.872059 -8.684605
-8.489257 5.285121 -0.002658
2.332728 8.194757 -5.234915
7.535294 6.554162 -0.512164
7.900746 6.123654 -0.281183
-8.987952 2.224949 3.777077
7.948967 5.987125 -0.984003
-2.848668 9.497804 -1.294922
8.285231 5.593831 -0.253012
8.338129 5.437183 -0.955321
8.805147 4.656566 -0.886438
8.654251 5.005613 -0.218584
3.910751 6.083871 6.905978
-6.723556 7.401862 -0.078914
2.816088 9.570296 -0.692159
-7.210963 3.376778 6.049742
-1.790653 9.795813 -0.914119
6.588429 2.203826 -7.192757
-2.466463 6.439621 -7.242088
7.624428 3.662808 5.334036
2.338832 9.722158 -0.097452
9.059873 2.097328 3.676945
-8.398895 2.775649 4.664154
-2.462928 4.365287 8.653222
-0.643841 9.967024 0.493862
5.143509 6.074078 6.053916
7.650737 4.515346 -4.591065
7.694424 3.881752 -5.072261
8.071332 3.989461 -4.351758
-9.180838 2.272247 3.24794
8.069882 3.354698 -4.86035
-6.24578 7.794152 0.491345
2.060918 1.871668 -9.604659
-2.644658 9.641515 -0.216728
1.876248 8.942268 4.063931
2.588964 7.610717 5.947626
6.692863 2.374963 7.040251
6.385529 1.836922 7.473335
6.893343 1.678879 7.047211
6.715749 1.169253 7.316526
-8.305054 2.510123 -4.972461
1.237411 5.120839 -8.499754
-0.087993 8.94838 -4.463042
-7.480401 2.324941 -6.215968
-9.411854 2.701738 2.02919
-9.407083 3.075981 1.430086
3.591624 7.659947 -5.331552
-8.115287 5.545546 1.840934
7.196812 3.087422 -6.218821
4.193472 5.295843 7.373523
-0.814974 9.965738 -0.140982
1.014076 6.062312 7.887967
-5.274666 7.404661 -4.1652
4.959234 4.880605 7.182318
-1.221754 9.777138 1.707308
-0.519972 9.794003 1.951192
-8.082318 3.9908 4.330086
-9.183852 2.942303 -2.645698
-5.928921 6.901172 -4.149907
4.92727 3.617619 7.914218
-5.908809 6.45788 -4.835469
-5.413347 6.958608 -4.719475
-0.269656 5.192498 8.54197
-6.423883 7.428266 -1.885363
-6.872288 6.850559 -2.416918
-7.071833 6.90943 -1.499656
4.586932 5.591319 -6.906317
-2.327953 4.110966 -8.81366
-7.548667 6.260551 -1.955279
1.904174 9.687978 -1.586573
5.681217 7.95026 -2.125355
5.367576 8.310868 -1.455543
3.478859 3.467116 8.71072
6.736003 7.279119 1.280892
4.328454 8.358636 3.376045
-6.352627 5.987213 4.878259
8.47942 5.046672 -1.621892
-0.447395 8.590602 -5.099156
6.203033 1.621089 -7.674272
-2.394511 7.238523 6.470711
5.663175 2.008856 -7.993307
5.75078 1.08608 -8.108573
5.183455 1.531398 -8.413478
4.877278 6.085718 -6.259089
5.212702 0.713768 -8.504015
4.674553 1.176056 -8.761589
4.579954 0.578125 -8.870727
4.383219 0 -8.988181
5.121846 0 -8.588754
-1.568392 8.894377 4.293042
-3.260759 6.229817 -7.110333
6.679316 7.42405 0.519827
3.824718 8.930721 2.369337
3.749623 9.10762 1.729617
-7.715939 5.933228 2.293708
1.458257 8.923506 -4.271363
9.039222 4.274602 -0.142277
-2.272606 4.877625 8.428762
8.065831 4.370114 3.980512
1.118903 8.61047 -4.960631
0.700524 8.949457 -4.406414
0.334001 8.619122 -5.059565
8.931892 4.220982 -1.550682
9.368116 2.750398 2.161875
9.724519 0.667863 2.233314
9.898115 0 1.423842
9.743762 0 2.249244
9.533649 2.069372 2.197096
9.865986 0.74945 1.449359
9.624216 2.283717 1.469386
9.668622 1.306815 2.193167
7.167916 2.490968 -6.512761
9.770704 1.533154 1.47742
5.401628 5.320642 6.520214
-5.264884 6.898324 4.969317
0.101752 7.340094 -6.790631
-0.343514 7.78013 -6.273083
-5.731476 6.2654 5.281566
-2.244 7.923365 -5.673161
-4.027692 2.091948 -8.910749
3.30086 7.272586 -6.017791
-3.996877 6.957736 -5.96782
1.053164 6.350509 -7.652574
3.255482 4.528049 -8.300519
3.578528 5.115351 -7.811998
3.147285 5.739496 -7.559946
2.823789 5.184154 -8.071603
9.183792 3.873313 -0.809567
-9.058147 4.169565 0.751463
-2.44298 9.172961 -3.144618
-1.848573 7.692384 6.116372
-2.850055 9.255474 -2.492668
8.660885 4.459723 -2.258305
9.047936 3.683666 -2.136692
7.265903 1.021545 6.794343
6.123824 1.310347 7.796267
8.761991 3.886121 -2.850541
-1.869273 3.496777 -9.180326
5.33668 2.793643 7.982193
9.103196 3.159064 -2.674346
-8.580063 5.079864 -0.759933
9.167176 3.401145 2.096447
5.466506 6.899311 -4.74519
9.435558 2.987295 1.43049
-8.736412 3.709879 -3.148317
7.635707 3.24522 -5.58252
-7.056921 5.930749 -3.876348
-8.930772 2.836349 -3.492341
-8.642314 2.679661 -4.257913
-8.451853 3.506154 -4.033988
1.643857 6.441711 7.470079
-7.986695 2.021335 -5.66806
0.662727 9.937341 0.900032
0.08849 9.89484 1.443715
0.058135 9.972966 0.732508
-0.588998 9.907447 1.222939
2.395223 5.789286 -7.794041
-3.207948 8.954149 -3.08744
1.330611 3.626901 -9.223615
-3.551052 8.575667 -3.721285
-2.785729 8.835903 -3.763844
1.18256 7.568796 6.427665
-3.114036 8.427108 -4.391656
5.803808 7.437404 3.316752
-6.514704 6.350883 4.15029
6.287779 7.289961 2.705606
-6.031249 6.970245 3.878108
8.45517 3.390046 -4.125251
6.705434 1.233148 -7.315497
-1.641166 4.523635 8.766031
6.286557 0.616573 -7.752357
-1.780492 4.087151 8.95126
-1.055253 4.149358 9.037106
-1.298843 3.496666 9.278273
-0.506649 3.573513 9.325949
-0.84898 2.847987 9.548204
-0.037246 2.873204 9.578273
0.326315 3.601633 9.323184
-5.029737 1.971365 8.415193
1.148545 3.459318 9.312033
0.7659 2.843114 9.556679
2.687894 6.321772 -7.267078
4.109109 1.046299 -9.056516
3.908277 0.524589 -9.189678
9.209485 3.655248 1.350759
7.908615 5.265375 3.119237
9.430511 3.25434 0.689001
9.192189 3.891728 0.598421
4.425172 6.434382 6.246325
-4.319592 1.997531 8.794941
-6.136703 5.303244 -5.849486
9.349402 3.547544 -0.060001
-9.027463 4.243879 -0.703131
7.092969 0.561243 7.02672
6.513646 0.655172 7.55931
-1.534263 8.067491 -5.70628
-1.646905 7.213352 6.727203
1.888219 6.358561 -7.483537
2.828554 7.750397 -5.650719
3.638215 2.659219 -8.927034
2.194501 6.870214 -6.927073
-2.533913 9.637638 -0.833795
2.039336 7.807852 -5.905808
2.521219 7.339861 -6.306337
1.397798 6.889351 -7.112173
1.722505 7.375143 -6.52995
-1.063286 9.911626 -0.793161
8.019121 2.689308 -5.334915
-0.340297 9.970428 -0.689018
-0.657216 9.885306 -1.3597
0.085918 9.919633 -1.262336
7.855616 2.969548 5.428728
7.336962 3.284078 5.94843
-9.980117 0.566465 0.276394
2.759381 2.006793 -9.399925
-1.533976 4.215992 -8.937132
7.0161 2.865111 6.524223
-3.497825 5.237664 7.767374
7.240882 2.218893 6.530401
5.766362 8.115603 0.941301
5.677404 8.230764 0.146953
6.189415 7.847712 0.323379
6.267357 7.71284 1.11011
8.805029 3.309304 -3.394109
-8.715187 4.855916 0.682342
9.802058 1.810608 0.800845
8.426969 2.726551 -4.642426
9.92463 0.971659 0.746725
-4.579122 1.945698 -8.674439
2.81867 0 -9.594535
2.486867 0.496906 -9.673085
2.00378 0 -9.797187
9.350643 2.943932 -1.974524
1.416502 7.047131 6.952084
7.101516 0 -7.040488
6.919403 0.617828 -7.193063
6.485804 0 -7.611462
-1.671567 6.607302 -7.317747
8.433084 0.702689 -5.328164
8.178731 0 -5.753986
8.632638 0 -5.04753
-2.837667 0.736182 -9.560632
-2.976502 0 -9.54675
-2.165065 0 -9.762812
9.49165 0.665575 -3.076621
9.355072 0 -3.533076
9.618505 0 -2.735758
-0.739437 4.270907 -9.011803
-1.085694 3.548491 -9.285983
9.996844 0 -0.25119
9.95979 0.453089 -0.77284
9.940526 0 -1.089009
-5.000822 0.617201 -8.637757
-5.26278 0 -8.503125
-4.53084 0 -8.914679
4.484488 6.652813 -5.96904
-8.510192 0.591041 -5.217979
-8.7147 0 -4.904489
-8.272504 0 -5.618335
-5.658329 8.242782 0.199644
-5.532228 8.303817 -0.664129
7.646402 0.521005 6.423479
7.979899 0 6.026708
7.446143 0 6.67495
-7.223794 1.380342 6.7758
-7.002671 0.69017 7.105369
5.85285 0.658927 8.081458
6.225254 0 7.825996
5.546729 0 8.320685
3.614096 8.067182 4.675349
-0.028836 6.95676 7.183499
9.50504 0.649016 3.038583
3.296971 0 9.440867
3.664321 0.683084 9.27934
4.077407 0 9.130978
4.213556 3.646465 8.303568
-5.39526 1.335713 8.313065
-5.059739 0.676629 8.598907
9.448954 1.298034 3.005393
1.243393 0.697779 9.897832
1.672023 0 9.859226
0.838969 0 9.964745
-7.709095 3.194891 5.51022
-7.573991 2.631866 5.975612
-9.165828 0 3.99845
-8.934072 0.725951 4.433437
-8.798056 0 4.753338
-3.926281 0 9.196973
-3.557158 0.690819 9.320375
-3.140841 0 9.493952
-0.935638 9.168089 3.882103
-3.310077 7.194308 -6.106171
0.886749 4.377706 -8.947031
0.073164 4.295434 -9.030166
7.469506 0.655792 -6.616375
0.485399 3.544984 -9.337959
-0.316524 3.540841 -9.346778
-8.127103 3.222701 4.854317
7.912298 6.023479 1.055105
7.971613 0.694231 -5.997619
7.967267 5.794179 1.717598
3.207838 0.503076 -9.458155
3.848611 8.003227 -4.59745
7.301841 1.229376 -6.720994
-3.525521 9.287552 -1.145461
-6.945484 5.684565 4.409759
-3.759202 5.730871 7.281862
-3.758703 9.253944 -0.486482
1.662701 0.49547 -9.848347
-3.398707 6.240659 7.035834
9.585115 2.850164 0.046048
9.475742 3.110958 -0.72955
-0.384801 5.003441 -8.649712
8.184614 1.41807 -5.567869
-4.932652 3.896231 -7.777424
7.600535 2.608581 -5.952073
-2.040364 0.753768 -9.760571
7.085554 7.015702 -0.758187
2.854202 1.001311 -9.531574
7.551275 6.440392 -1.224583
7.925172 2.017314 -5.75518
7.524035 1.95742 -6.289467
4.697713 7.357721 4.878056
9.112833 2.612098 -3.183272
7.750649 1.334162 -6.176362
9.197438 0.659539 -3.869386
-8.72482 1.895076 -4.504021
-9.068974 2.002453 -3.707275
-2.750829 4.645285 -8.417498
9.373418 2.458318 -2.468947
2.144836 0.990942 -9.716878
8.844963 0.695238 -4.61338
0.003376 2.704237 -9.627414
-0.628895 2.801996 -9.578794
-0.874883 7.139749 6.946839
5.924558 7.535681 -2.848356
-0.983287 9.750022 -1.992542
4.144266 9.090961 0.423657
9.717588 0.658933 -2.265894
3.501347 1.012718 -9.312087
4.599319 8.877707 -0.180554
-3.886549 9.210797 0.23653
9.865026 0.522577 -1.551829
-2.72762 1.507542 -9.501968
-5.509826 7.53767 3.581248
8.615735 1.394404 -4.88106
-1.918743 9.703216 1.471747
3.941392 2.086055 -8.950631
-4.255833 0.599751 -9.029296
-2.704855 8.116726 5.177115
9.310048 1.344072 -3.393594
0.257772 0.8896 -9.957016
-0.502222 0 -9.987381
0.337459 0 -9.994305
1.009525 0.758627 -9.919947
-2.844178 5.238996 8.028921
1.584891 1.381897 -9.776424
-0.563992 0.957843 -9.93803
0.929764 1.607054 -9.826135
9.989528 0.452354 0.068605
0.1548 1.784583 -9.838257
-0.613092 1.856166 -9.807077
-7.159733 6.949967 -0.660441
9.565262 1.317868 -2.601729
-5.701726 0.695833 -8.185728
-4.006832 5.975245 -6.945628
-4.574879 7.819949 -4.233069
-2.0597 1.758283 -9.626322
-4.789337 7.379018 -4.755244
-6.929297 2.611663 -6.720421
-1.340521 1.213926 -9.83511
-1.392824 1.92601 -9.71342
8.210912 5.689967 0.452998
8.514813 5.222527 0.472401
-5.995381 7.904862 -1.252421
-6.613602 7.438305 -0.965339
-3.341053 8.058722 4.888187
9.875024 0.903138 -1.291606
2.489805 9.082728 -3.362278
-8.037194 0.571961 -5.92253
8.992788 1.368889 -4.154023
4.678759 8.043037 3.663162
9.078766 2.020875 -3.673155
5.815169 6.273479 -5.179505
8.795826 2.702975 -3.91502
8.731894 2.072117 -4.41139
-4.719849 1.199505 -8.734084
0.782536 8.246328 -5.602294
-0.010698 8.230978 -5.678987
3.756496 6.749116 -6.351233
-7.249217 6.590262 2.00432
9.948637 0.904709 -0.454004
-8.01801 5.502923 -2.330098
-7.351953 6.12664 -2.90053
9.578255 2.253285 -1.783182
-8.918271 0.571578 -4.487509
8.018093 4.594996 -3.820497
0.186914 6.336728 7.733753
1.930269 3.33562 9.227551
1.564069 2.677062 9.507209
9.585917 1.7782 -2.224457
9.748892 1.572426 -1.576889
-0.402315 2.151942 9.757422
9.744548 1.112996 -1.95065
-1.422121 8.513371 5.049759
-5.443192 1.196935 -8.302952
0.391424 2.130038 9.76267
4.206973 8.659466 -2.704633
3.245112 9.374371 -1.261119
-7.869191 4.065874 -4.641606
-9.924893 1.220627 -0.081028
-0.453284 5.887022 8.070782
2.719911 3.262658 9.053019
9.543786 2.695776 -1.284112
9.72433 2.03266 -1.14267
1.567956 5.804671 -7.990451
-5.734278 8.125537 1.045805
-4.299073 7.270768 -5.352934
3.905461 2.847623 8.754337
4.426193 0.676507 8.941541
-4.132678 1.352684 -9.005066
5.439562 1.309618 8.288309
5.155484 0.665753 8.542702
-3.830319 8.856085 2.626484
9.681334 2.439864 -0.564659
6.874758 4.154119 -5.956593
0.584035 6.865675 -7.247165
6.481515 4.535514 -6.117113
-8.269057 1.249059 -5.482933
9.763163 2.155776 0.182427
9.836499 1.756563 -0.397196
1.197114 9.922769 0.324929
0.550171 9.98354 0.162011
-9.277298 0.723813 3.661672
9.908064 1.343829 0.156162
3.888189 5.668984 -7.262548
-8.698231 1.143157 -4.799372
2.074536 0.693822 9.757813
-3.847815 8.161073 -4.311753
2.877747 0.690371 9.552066
-5.692979 2.786577 -7.734661
-6.260123 2.282089 -7.456737
-6.04034 1.463343 -7.834087
-5.672052 2.027411 -7.98232
-8.455296 4.585356 -2.735415
-8.204365 4.347364 -3.713331
0.401153 0.693689 9.967842
-8.494734 4.423807 2.875661
-6.692587 1.667967 -7.24066
-6.348774 0.879866 -7.675865
1.247072 7.831302 -6.092251
0.916128 7.376817 -6.689042
-7.793799 1.471988 -6.090152
-7.272795 1.756218 -6.634919
-7.556127 0.878106 -6.491061
-6.978056 0.882155 -7.108342
-8.53887 0.717166 5.154936
-7.21665 0 -6.922425
-6.610436 0 -7.503475
-3.210637 2.68817 9.081055
5.020046 8.61336 -0.780489
-2.924145 3.319515 8.968288
-2.753296 0.691105 9.588625
3.44919 6.24638 -7.006128
-1.659589 9.18555 3.587679
3.903474 8.709392 2.984859
0.367025 9.97708 -0.568466
0.772409 9.904145 -1.145119
0.563742 8.946788 4.431386
8.315671 2.636283 4.888724
3.663461 9.248212 1.024519
8.210174 5.171456 -2.418489
8.352844 4.587376 -3.030837
6.067653 7.934199 -0.481732
6.416866 5.185884 -5.650702
7.781786 4.976099 3.83174
-2.180139 6.746921 7.051671
8.822593 1.556255 4.442964
2.115856 9.368485 2.784718
4.002661 1.356696 9.063006
9.162019 1.382545 3.761115
9.217443 0.680002 3.8179
8.869627 0.734702 4.559597
9.230516 0 3.84676
8.875242 0 4.60761
-4.329113 0.690784 8.987859
8.430345 1.771686 5.078427
6.313335 7.529098 1.858624
5.812378 7.950037 1.73585
8.510365 0.996355 5.155673
-9.714835 2.370404 -0.056224
-1.622636 5.110675 8.440856
-6.158334 4.284447 6.611992
1.706517 4.407524 -8.812578
-0.933649 4.778865 8.734458
8.916369 4.057526 2.00869
8.93716 4.30407 1.26576
8.143538 1.409251 5.629992
7.050572 5.729859 4.178295
-9.242238 3.816521 0.1233
3.326531 3.23303 -8.85899
-9.015923 1.297078 -4.126831
-8.997161 1.471073 4.109384
8.845927 3.765427 2.75157
8.035654 2.220463 5.522482
1.856138 5.778236 7.947751
7.562897 2.584839 6.010091
7.765394 1.906541 6.005311
3.238534 1.372196 9.361034
-0.192488 9.084129 4.176307
-9.295691 1.431124 -3.397354
-9.226007 0.71556 -3.790614
-1.604111 8.808977 -4.452948
1.632476 1.383066 9.768426
-2.00861 9.045879 -3.759993
-9.513283 0.718278 -2.99692
-9.412061 0 -3.378329
-9.66231 0 -2.576775
0.815907 1.401906 9.867571
4.691463 5.704879 6.741256
-8.646867 1.4432 4.811327
-9.718828 1.938926 -1.336016
0.274794 9.554948 2.937255
3.152306 2.733587 9.08793
4.636555 2.830639 8.395823
5.019331 1.991693 8.416619
4.303441 2.017445 8.798313
1.867128 9.811741 0.493538
4.739563 1.340561 8.702841
-3.584263 0.691185 -9.309958
4.172499 7.092025 5.682731
7.305418 5.265855 4.347602
-3.16994 1.386442 9.382391
-8.374067 5.431069 0.615215
0.262551 9.242697 -3.808363
0.910685 2.643167 -9.601267
-9.577178 2.361499 1.643469
-1.20884 8.514091 -5.103817
-9.576638 2.691952 1.020485
-9.714804 2.012852 1.253401
-9.728186 2.233787 0.610406
-3.621763 7.522271 -5.504387
1.203216 9.774423 -1.735779
-9.84499 1.545155 0.829867
-9.848982 1.71569 0.232291
-9.924347 1.07947 0.584885
5.553219 2.953567 -7.774201
-9.541474 1.987209 2.238586
-9.686111 1.687311 1.82544
7.267744 4.36732 -5.301549
-9.262202 1.508331 3.45493
-3.460056 1.441089 -9.270991
-3.951725 1.362648 9.084441
-9.463462 1.553905 2.83342
-9.486653 0.954195 3.015447
-9.61982 1.296121 2.403985
-9.938847 0.466851 1.00069
-3.391243 7.989362 -4.966847
-9.877999 0.933703 1.246324
-7.782075 3.749623 5.03782
5.796226 5.713588 5.810222
5.547363 8.295175 -0.645629
-9.669146 0.627017 2.472748
-9.760743 1.049868 1.90412
5.171775 7.548757 4.033488
6.780186 6.215553 3.923771
-9.827888 0.514141 1.774338
-9.705347 0 2.409614
-9.873289 0 1.58687
-5.354916 8.310913 -1.501199
2.365982 2.673254 9.341084
-4.131044 5.210574 7.468895
2.006523 2.041508 9.581551
2.446517 1.372975 9.598411
2.801579 2.030119 9.382419
6.755988 3.578682 6.445903
7.548909 5.142731 -4.07017
4.302858 5.047359 -7.483955
6.06853 4.900967 -6.257274
3.153023 7.816626 5.381338
3.393234 7.355427 5.863758
2.865075 8.306627 4.774023
0.016083 1.412724 9.899694
-1.405924 6.702525 7.286942
-4.584319 3.63497 8.109933
-5.690726 1.971202 7.983108
0.402018 9.284804 3.691989
3.701437 1.502367 -9.167457
3.149326 1.513567 -9.369678
-5.056799 3.214225 -8.006094
-0.155629 4.361542 8.997374
-2.732046 2.457208 -9.300433
-8.022402 2.670362 5.339497
4.357689 7.841035 4.41913
-7.906263 2.054897 5.767877
-8.303822 2.135285 5.146562
-5.095167 6.516783 5.618791
-4.310801 8.248873 -3.656924
-8.235981 1.41036 5.493588
6.773378 7.076664 2.010518
-2.367544 1.410683 9.612737
7.969009 5.540524 2.407797
3.611565 6.759474 6.42387
-1.951028 0.714753 9.781749
-1.565509 1.425216 9.773328
-2.64221 3.890482 8.825128
-1.174751 0.716271 9.904894
-1.563532 0 9.877012
-2.330983 8.666317 -4.411515
-0.784181 0 9.969206
-7.773888 1.380976 6.136739
-8.088012 0.70355 5.838585
-1.279453 8.093573 5.73211
-3.37767 2.236697 -9.142676
-7.575886 0.694836 6.490235
-7.335059 0 6.796831
-7.879432 0 6.157479
-9.545189 2.043515 -2.171039
-4.694264 1.344346 8.726776
6.431121 5.987778 -4.773593
-2.115009 9.765084 -0.412147
-2.127463 3.349348 9.179094
-1.637051 2.794063 9.461145
-2.031179 8.1291 5.458209
0.44687 7.825386 -6.209963
6.919197 7.041352 -1.595017
-9.886463 0.660458 -1.349681
6.411654 7.590853 -1.126784
6.279026 7.547617 -1.89929
5.910271 7.96222 -1.292962
-8.614024 4.772291 -1.738917
1.007564 9.940269 -0.419365
1.455361 9.842501 -1.003542
1.671948 9.855825 -0.259408
2.137902 9.731725 -0.85024
-6.151477 7.874932 -0.380503
-2.931238 6.744429 6.776468
2.275014 3.851726 8.94363
4.479892 4.404271 7.780293
7.825495 6.207945 0.472276
-4.097734 7.719531 -4.859776
-7.398169 2.057519 6.405756
5.809195 7.729856 2.550017
-0.776081 1.42886 9.866918
5.280835 7.885712 3.150925
5.304691 8.135203 2.383005
-0.385153 0.714753 9.966985
4.812313 8.280219 2.877432
7.592806 4.672106 4.529981
4.827185 8.500622 2.106589
4.3766 8.625481 2.538988
4.309075 8.824094 1.888715
-8.69733 2.170151 4.432484
-0.823165 8.830691 4.619663
0.173423 9.756687 2.185629
-2.069737 2.666672 -9.413026
-3.119939 5.751378 7.562251
-3.219582 9.289166 -1.829123
-2.45497 5.739223 7.812454
-2.718267 6.235394 7.330136
-1.944541 6.230328 7.576396
7.972817 5.790353 -1.7047
-5.902639 6.640719 4.589086
-7.811352 5.28343 -3.326882
-9.367982 2.316822 2.621688
7.342741 6.458372 -2.091315
6.682785 7.030153 -2.432559
-9.355739 3.433138 0.826872
8.205627 4.694347 3.260489
4.187723 6.185651 -6.648361
5.6978 1.953117 7.982507
-4.949485 6.981329 -5.173358
7.244431 3.76049 -5.777277
6.730276 5.442607 -5.008135
-5.117472 2.50575 -8.217828
-3.133379 9.47456 -0.643939
-3.671925 6.604867 -6.549253
-6.564945 6.732019 -3.403148
-1.7257 5.681952 8.045955
-1.144766 6.166691 7.788545
8.5765 4.407934 2.648353
0.803981 6.712495 7.368584
8.288738 4.984566 2.539866
7.192261 5.00386 -4.820039
5.245308 8.47924 0.767606
-2.639709 8.225302 -5.037494
8.290451 5.477072 1.126987
-9.534859 2.99509 0.340434
4.226813 1.506564 -8.936684
8.63207 4.907251 1.185858
8.328081 5.236044 1.796361
8.63503 4.668307 1.90871
-8.886578 4.585711 -0.000154
-1.002924 5.453767 8.321692
1.5512 8.20642 -5.499859
7.896981 5.203203 -3.250288
7.387175 5.769686 -3.484304
7.707688 5.821473 -2.588823
8.867312 4.592372 0.529996
7.063229 6.425561 -2.970348
-2.963828 7.733479 -5.604376
-0.82754 8.164684 -5.714291
2.044746 5.153486 -8.322295
9.353155 1.938822 2.959637
6.569735 7.533572 -0.289602
-9.296391 2.122294 -3.012141
9.301799 3.365422 -1.466452
7.429698 1.526806 6.516783
7.076751 1.827913 -6.824831
9.641669 2.542291 0.758263
-9.874235 1.280073 -0.927841
8.428919 4.040823 -3.55318
0 10 0
8.158285 0.511659 5.760259
-3.567362 2.037173 9.117229
7.813888 1.02332 6.155971
2.995318 6.822272 -6.669683
6.706564 6.340619 -3.849486
6.354219 6.969584 -3.323973
5.148211 8.57297 -0.010295
3.376336 2.067753 -9.182851
-1.411791 2.900061 -9.465543
5.166979 6.518521 -5.550784
-8.438422 1.706695 -5.08726
-2.75965 2.097059 9.380121
-1.957625 2.120794 9.574442
8.34126 2.06304 -5.115393
2.599876 1.478341 -9.542282
9.36389 1.928102 -2.932573
6.113315 6.652195 -4.286686
1.195688 2.06765 9.710569
-5.149873 1.787466 -8.383542
-1.194594 2.140866 9.694825
9.860586 1.350603 -0.971965
-2.159564 5.303131 8.198359
-9.551133 1.431739 -2.593451
-9.732859 0.715868 -2.181511
-9.804011 1.901044 -0.517104
4.781285 8.675789 1.367482
4.230158 8.981655 1.198177
5.305515 8.333276 1.55178
-9.789586 1.396623 1.487768
3.57955 2.066556 9.105831
-1.933025 8.393821 -5.080078
-0.617893 6.592182 7.494087
6.824653 4.813116 -5.50073
7.017646 5.637636 -4.355422
-2.443622 2.736586 9.302677
3.911744 7.615009 5.168162
4.704469 8.804132 0.595998
-9.752833 1.331015 -1.7637
-6.738966 0 7.388257
5.824359 0 -8.128766
9.982675 0 0.5884
3.613684 0 -9.324231
-9.971614 0 0.752937
6.859883 0 7.276125
7.667155 0 -6.419871
1.174761 0 -9.930758
-1.338362 0 -9.910035
-4.684037 0 8.835146
9.520705 0 3.058785
9.025676 0 -4.305482
9.814116 0 -1.91915
-7.771977 0 -6.292565
-3.766952 0 -9.263372
-9.095447 0 -4.156061
-5.957613 0 -8.031616
4.829093 0 8.756703
2.493288 0 9.684189
-9.468971 0 3.215368
0 0 10
-8.368247 0 5.47471
8.457388 0 5.335971
-2.333254 0 9.723988
-9.844428 0 -1.757052