-543.2234
-515.6903
-432.3210
-409.8992
-323.9810
-839.2712
-872.6118
494.7974
521.6544
-914.1240
-864.1844
-842.8208
-898.7396
-127.2717
-128.9125
-345.6776
-233.1174
-241.3327
199.4969
142.6141
-1165.8520
-1181.5153
-441.3860
-220.2433
169.3610
-753.4537
-813.0223
-538.3968
-217.5733
220.3401
-624.9735
-883.0275
-298.2800
-783.2090
-255.4121
-292.1416
180.5028
222.5756
172.3140
206.4353
-27.8678
-964.7026
-1051.5435
-1014.4956
-1097.4052
-1124.5319
-1146.6694
-1156.6212
169.6972
-1172.7703
-1141.0927
-1080.3992
-1097.3949
-883.1226
-128.6045
-926.9605
-1180.2593
-1174.4704
-1183.2136
-1186.4519
-1176.1311
-798.7440
-1034.2772
-721.9438
-359.0108
-979.0562
-1149.8144
-31.8707
-1110.8059
-936.5728
-893.9190
-1109.0026
-1016.4366
108.8971
431.5457
366.6491
-1001.0862
-1154.6909
-821.4215
-547.2127
-869.1911
-865.3416
-914.2275
-927.0670
-1113.8850
-956.3133
-965.3033
-925.7959
-1141.5637
-1200.6881
-1052.4186
-1183.5905
-858.0675
-1110.5282
-1101.2349
-1060.8284
-999.7312
-1008.1499
-1057.1564
-1047.4695
-1094.3791
-1093.1110
-1155.1953
-1123.3787
-226.9209
-1124.3817
87.4359
77.4964
-1190.3955
-1071.6393
-1103.7450
-847.7499
-888.7530
-1176.9738
-756.9862
-634.3899
-503.5103
-610.6632
-521.8048
131.0143
52.3069
61.4859
-1043.1274
-841.2880
-856.7785
-1021.5754
-1067.5824
-1209.4368
-970.7970
-1203.7924
-1061.2722
-1202.8392
-1087.6565
-1188.4435
-1173.8158
-1139.4406
-1143.0055
-1188.0413
-463.5351
-1122.9424
-1156.9154
-916.9367
-946.2737
-854.4671
-914.9668
-915.5117
-862.3151
-788.3059
-795.6089
-727.7340
-757.0711
-623.2133
-961.0269
-1180.6497
-481.3928
-273.4799
-1033.7600
34.6911
-1075.7616
-984.7476
-1115.0518
-1127.8922
-1149.2517
-1161.5004
-940.6967
-1037.9992
-1050.8296
-1088.8179
-1102.5054
5.5894
-675.2524
-1077.6265
-1020.6662
-1018.6317
-945.1717
-411.7628
-1075.2063
-1044.5114
-1084.8005
448.6940
-57.1364
8.1318
-214.2536
398.9360
-220.1603
-114.7374
-67.9019
-951.4549
-586.5643
-35.0218
-405.5734
-1028.1710
-1121.2734
-1160.7666
-619.8836
-487.9400
-389.0405
-321.9125
-1171.0849
323.0590
-678.9327
276.1848
114.1525
-1051.3598
-1023.1881
-1053.6312
-1050.0347
150.5609
210.8048
-1067.3088
-393.2325
-1029.9939
-1148.0036
-1168.9134
281.2552
-1075.8307
-35.3198
-122.3680
-212.4970
-312.3894
-295.0214
-1141.8990
552.7152
-1173.4885
-1166.8488
-983.4836
-930.6912
-983.8146
-981.7094
159.9098
-1176.0361
-1206.5041
451.1656
197.3279
-656.8568
-673.1521
-616.2010
-686.1461
-954.1145
302.8541
-750.5207
-767.4386
-791.1574
-867.8335
-909.0184
-974.1286
-989.6429
-957.4336
-971.9705
-941.1386
-571.0793
-452.9826
-26.1708
-823.4239
137.8557
-1133.3474
-1031.4764
-171.8472
-1133.9005
-1095.7698
-1077.5669
-830.5979
-830.8845
-34.2886
-144.5378
-607.0162
43.0202
-1153.3901
-725.2721
55.2813
-931.2554
-135.5509
-24.9556
44.7122
-663.0475
3.3670
-176.4103
221.1723
-177.6558
-107.1601
-204.7296
-125.9519
-170.8616
-611.9950
-510.3302
289.3195
127.3667
3.9259
299.2044
75.6089
165.8088
205.3015
-1160.7187
18.5785
152.0805
55.5574
522.5858
-915.5695
124.2546
-1038.4534
-1085.4211
-1031.4832
-1018.0138
-591.7460
342.3937
-312.1520
-129.0865
-984.0846
-752.4126
-41.0214
413.3535
324.1310
-251.0204
425.4112
270.8257
-1080.2014
-1158.0545
456.1875
-142.1587
403.6870
-1174.3303
419.8718
354.8294
278.7112
204.2190
208.6594
363.9581
292.2802
302.0618
-1045.3171
-972.4284
-582.1332
-472.4984
-600.8177
-699.3493
-466.2182
-1180.5198
-582.1049
-880.2162
-255.9972
-485.5217
-478.5302
-1162.6286
38.3019
405.8758
301.2806
362.2655
290.1289
297.2435
-218.9782
361.1604
346.9146
451.9797
414.4142
407.2830
-1175.9817
-1190.7014
-1154.6991
-1117.1906
-1089.4819
-1044.4902
-986.2748
-990.9594
-966.4054
-861.2711
-523.8775
-455.4281
-430.4684
-356.2972
-91.6201
297.7506
536.9816
-303.6861
-1185.5826
-592.6994
-1200.2598
-22.0630
-1170.7953
-1194.7919
-1172.9484
-1191.3804
-374.9918
-980.4965
-1024.8963
-1015.1695
-1051.1637
-1108.8853
8.9645
-775.6110
510.4526
161.4778
-74.2366
-190.4871
-1195.7212
-951.7184
-111.4390
-214.2688
-1194.3879
-1140.5018
-986.1749
-764.1834
-973.8207
-1054.2311
-294.6138
-410.4924
-279.5297
459.6120
-520.2037
-504.6721
314.5743
-415.2269
-446.0084
-341.2058
-356.4556
-146.6201
-881.9611
-2.6340
-543.3579
-385.6390
-915.7969
81.2146
-1098.9120
92.7649
276.9135
-1102.3240
190.5135
175.7628
-706.4514
-1106.9347
-1158.3451
-1189.9303
-1135.2465
-845.4626
-865.2022
333.6333
-1142.2237
-1146.1774
346.1208
-479.2906
-1160.4135
-702.2613
-1190.9856
-1206.0922
-874.3048
-1209.1248
-1159.2004
-1219.6990
-1213.2192
-1216.5712
-1222.8675
-944.6450
-61.0973
575.7920
-1176.3201
-1200.7160
-408.1141
-302.9365
-1184.9802
-243.4267
-71.8747
414.1381
56.2993
-510.6779
-601.7396
-637.7456
-1185.8711
-934.6136
-780.0104
385.3636
-1179.8973
-475.6316
-729.3678
-965.6745
-709.8999
-1156.5262
564.2917
-1186.7407
242.5158
-688.2393
-740.3588
-781.5546
-858.8495
-778.4025
-875.0592
-835.8081
-296.6420
-349.8334
-449.8986
-40.2500
-1079.8234
0.7825
-51.8408
-28.1449
-621.9680
316.0559
-808.9782
-417.3262
-1070.4862
-1113.3399
-574.8992
-1089.5760
-268.5378
-1122.0318
-1120.8421
91.2919
-1194.9918
271.2183
-879.1207
-31.0689
-1092.6782
-1073.2431
-741.1447
-1098.7548
-837.8677
116.5937
-565.0050
-762.6388
-631.1146
-717.5729
-590.9814
-746.7622
-686.2804
-1205.6659
393.0709
-1098.1653
-1085.3967
-1146.0519
-180.8843
442.4409
-1151.2880
-1192.9868
-1182.8572
-1128.8590
-1095.7866
-1177.3815
458.7166
-1149.5823
-1172.6135
-893.2562
-575.7398
-1184.7683
-724.9305
-146.7901
13.5999
-326.4147
104.2152
172.4595
246.5437
263.7645
329.0343
-369.1888
-41.6986
296.8625
372.7666
357.8156
425.1438
386.2022
399.3104
-741.7460
-858.1691
18.6856
-1174.3818
-1056.8653
-1119.4331
-1125.3319
-990.4071
-788.7552
-857.9617
-876.6563
-1216.5597
388.8124
-775.3022
-731.5759
-825.7030
-749.8291
-696.7347
-730.7246
-683.0452
-1168.7002
-1032.5851
-1059.1631
-1105.0307
-1062.2570
-1098.5752
-1113.2725
-1103.0382
-165.8049
-1132.4148
-1110.6812
-1123.5327
-238.7613
-620.5762
-127.7267
-276.9780
-488.7129
-394.9614
411.5599
-487.4581
-387.0484
147.4332
258.0486
192.4732
128.2498
203.6581
-1186.6339
330.3712
281.8398
-1133.8130
342.9775
-869.6667
-1028.9329
-334.2567
-1113.4974
-1136.5629
-1127.9846
-100.0713
-1206.0425
49.0871
-1088.1358
478.4493
111.2314
-1074.4179
-1156.5643
-1054.8974
-695.5421
-1129.1911
-1058.8203
-1175.4712
-620.7530
-778.5644
-1008.8196
-717.5281
-937.9478
-781.8446
-869.1930
14.2057
-557.3040
-1175.4383
-259.0489
-1165.8488
-1179.6372
-1180.6407
-1182.3478
-1174.0619
-1161.8971
-1153.6072
-1143.1496
130.3849
-1036.2026
-1100.4878
502.3147
-966.6933
-927.4623
-362.7290
-866.9602
-909.3307
-866.8847
-1008.9577
-919.1310
-773.0286
-6.9306
453.1732
144.6159
521.1375
569.8432
636.1098
679.2012
745.3530
784.8630
755.2675
337.1341
655.1396
791.5815
687.9185
759.4416
45.5135
445.1094
469.9659
-1119.0675
-958.8691
-1156.9750
-1171.1194
-399.5433
465.9980
-330.4016
-1188.9562
-1200.3136
-21.1520
-1205.3170
-1207.9117
-98.4830
-19.4598
-377.3755
56.1839
-250.4227
41.5794
-491.7569
-584.1612
-600.2943
387.0481
-47.5408
-1198.3666
-519.9258
-408.4083
-420.4442
-62.7830
-337.7654
-238.3937
-159.6365
-457.4216
-1224.7800
-1225.2215
-1209.1780
-596.2827
-1223.5647
-1193.1972
-1208.0254
-1190.3396
-582.1250
-454.6357
-1164.7205
-1152.4023
55.8412
-434.3254
-1177.6809
553.0570
-319.1683
401.4911
418.9330
467.4193
-136.4937
224.8515
-143.2378
-561.3631
-1178.9237
-1171.8183
-1162.0026
-1167.9499
-912.7524
-1019.7596
-1148.9191
-1158.2168
-666.3062
-1148.9091
401.9218
578.4394
-1107.6953
-143.3494
476.8234
-20.6183
78.0963
-522.8416
568.9676
-951.9031
438.1730
-133.5206
495.4133
-1148.0728
-848.0462
393.8134
-498.5022
169.7073
-565.4331
-1179.5372
-1205.1610
-753.9053
-286.0161
-81.8383
-196.2236
-191.1799
-1107.8385
15.5126
134.1907
134.6913
212.5704
-783.2029
483.6089
-161.7044
-1033.8729
637.9800
46.7113
415.1231
250.2654
342.4423
-1056.7477
-1199.3207
866.6278
-447.5338
-311.4049
-731.2410
687.4164
-920.0527
-316.2801
386.6009
426.5904
-118.1008
480.1314
507.1266
488.4241
-721.9211
507.5753
8.9105
-264.4996
-1159.6752
-455.4105
-1109.6653
567.3428
-813.8318
-88.4172
-1172.3640
-762.4301
-118.7537
-1184.2858
-148.0988
586.0197
-185.1586
-1193.1661
-1194.9240
-1156.4697
305.0854
-699.5421
-479.0503
66.4402
-505.4161
573.3294
-1191.6255
-434.9364
-344.6985
565.0218
-1196.9860
-485.7373
-328.6612
-631.8532
-1197.6155
-399.2203
-1001.1770
-372.2662
-277.2018
-245.3383
-907.3809
-739.1749
-893.4102
249.3559
-1042.0359
-436.1396
-312.8525
574.3009
-617.3754
-408.5893
-1093.8960
546.5762
540.4983
-1169.8425
-138.6173
-986.3307
-1157.1111
584.2022
-780.5766
-1110.7581
-1212.0752
-1019.1348
506.2282
530.0768
548.2510
-1207.9060
-1191.5615
-1149.0335
564.0318
-895.2827
-571.2129
560.7968
-1146.8759
402.6933
434.1210
-1161.8596
-646.7780
-929.0392
621.6612
-212.6151
619.1954
313.0538
588.8189
581.8430
581.0782
613.6452
611.3655
598.6529
592.1841
-1162.2448
609.6347
602.7830
609.4486
-642.1070
-1179.3075
600.8671
-1184.0915
592.8632
581.2906
-993.1140
330.7370
-129.3347
-1156.5468
-841.4613
565.7718
-727.5778
-268.0380
593.6956
-1170.3791
579.8656
-1210.2245
-1221.0487
-1150.3405
575.9706
-1038.6875
-1194.1305
584.2667
-1183.3413
-723.5568
575.8831
-1156.6109
-997.8430
-490.0768
-823.2006
-489.3610
-870.2086
-897.7218
-882.4167
-552.5890
-186.8582
-814.5723
-826.0743
-793.8159
-848.1407
-888.7032
-918.9356
530.2786
-938.7417
416.9448
-795.2740
-610.2647
-746.6594
-589.2541
-399.9233
-1127.0179
-1026.9944
-728.0671
-1169.5829
-1153.1753
-1082.6321
-1116.3911
-664.2226
-567.1318
-808.9754
199.8931
686.6771
-231.3798
785.0964
-1105.3532
-1124.7953
842.3446
-1176.1775
-1122.6697
-672.1450
357.9501
-1094.4294
-1084.7280
-1109.1469
850.9983
-808.8790
-1003.3261
-998.5293
-941.7661
-1138.7143
-1111.9773
-1137.7233
-1161.6354
-641.2342
-1200.5856
312.0500
222.0695
551.6843
-1142.1371
-1143.6488
-122.4357
256.3166
-820.1865
-957.1517
-827.7085
-1125.4535
-474.8320
467.7928
36.0085
319.8164
-1122.2697
578.9378
-1149.9527
437.9585
419.9458
213.5586
446.7188
292.9551
-1039.5761
-1084.2146
-1193.2422
-318.9755
15.8406
-286.3043
-1077.0227
-1179.4703
-1171.6990
-509.8212
-1194.4222
-677.4382
-1008.5391
-1182.1680
-1200.7063
-1194.8421
420.9102
-41.7799
-1191.1193
-804.0967
-1043.5013
-1183.0395
-1190.7454
-1195.9134
-743.7093
-1191.6608
-1182.5026
-795.9770
-1185.9559
-981.0609
41.6179
-598.0396
-1093.5281
841.3513
-1025.1554
-836.8239
686.8238
46.2122
131.7339
41.2669
125.2583
-985.3447
-676.3689
215.9327
-1067.4689
235.1146
-919.2428
-737.5127
-1014.1526
893.2581
-967.5018
53.5786
168.6432
-358.5176
-410.3344
-184.7137
71.3060
-407.7381
-1056.9533
-312.0028
-1201.4515
-276.7130
-1156.7626
-181.7662
-1078.3294
-1052.1179
-1075.6204
-109.7559
-973.8321
-7.2001
-857.4297
-667.4223
-716.7190
-1185.8706
-146.9467
18.1360
-45.7935
-49.6003
531.4418
-1194.0245
492.9390
744.8227
-38.1029
-872.6944
-951.1288
-466.8248
-1204.6010
-343.8476
-384.2676
-1169.4030
-680.5289
-75.2420
-703.9209
-1181.8147
-438.2242
-1115.0762
-1050.3441
-1195.9782
-492.3008
330.5449
-919.8938
-155.4047
-803.8455
-1054.6272
572.4802
-837.7974
-6.8292
-956.9047
-1018.8060
-779.1641
-914.8834
-822.2024
-1156.1442
-905.7783
-758.4255
294.4439
621.5772
-799.9801
-1080.9890
-709.7184
-1151.1767
-1164.8429
-684.9129
-1208.2012
-965.9959
433.2099
-649.4191
-313.0590
413.0163
541.7892
-1195.4710
-1094.8342
232.3947
-1167.6142
-659.6339
745.1108
-562.8224
-750.7393
-1212.8106
437.1692
-844.2570
-816.1170
-764.2180
-975.4097
872.1659
-1194.5934
-766.5640
-535.5603
-884.6588
307.3790
-286.3894
-339.1917
-436.8901
-457.8160
629.9853
-474.3890
-334.3811
-864.5157
-424.6823
-910.8348
-840.1125
-63.5718
-815.1739
-403.7617
-904.3443
845.8564
-104.7277
-108.9668
685.2868
-921.4687
-526.2462
-943.2102
-911.4580
-817.5189
-930.3692
-407.2588
876.0998
-95.1169
-207.2100
-744.0133
-288.6886
-57.2942
-1165.7604
-1014.5424
-266.8858
-550.4636
898.2249
557.2596
-147.5845
275.8660
-1174.8614
327.2603
-1176.5351
423.8242
-765.1474
-267.5853
-1142.3501
315.4135
-1087.2986
460.9627
151.5123
403.9463
268.3462
-1181.6665
421.8291
495.2641
551.7592
504.6653
-427.4944
-668.1744
-690.1519
358.5265
438.7008
739.0786
365.9971
-1144.6234
304.0311
-1168.8386
-955.7870
-206.9772
421.8422
-1182.3238
-215.0449
564.6744
-1124.7118
-676.7383
-1143.6144
-1154.3976
-1157.4518
-1128.8550
-1206.3216
-492.1612
-1115.4344
-1163.8252
-1033.6386
-1118.9771
-1171.5699
-1198.5999
-1197.3107
-1186.3302
160.9282
-1189.8120
-1108.1480
-1138.5099
-662.8686
-909.7571
-284.2231
-868.5965
545.0999
-872.3580
-1094.6490
673.7316
-1111.1629
-952.4888
-916.0906
-1205.2779
-955.0608
-1081.2380
-1043.0255
-998.2561
-1183.7918
-752.1115
171.3235
-1179.4608
-595.1941
-938.5776
-1195.9826
-335.9842
-517.0790
613.6365
-1208.5710
-1175.6331
-1008.4186
-1088.2746
-107.6992
-786.8573
-816.2609
-1060.2247
-1064.1178
-881.1646
-1121.2874
-157.9099
-1152.4467
61.6602
-1046.2384
-914.0655
-1157.6485
-1133.8165
-1084.7778
597.5575
748.7061
41.0475
-490.2077
345.5266
782.4810
815.7578
758.1310
-212.0039
814.5225
-736.9330
772.1855
-998.7631
-826.0730
-39.8633
-0.1310
60.1108
-285.3032
730.9366
776.2728
-5.5066
-492.6625
-351.5589
-1069.7937
-893.0667
-1138.2540
733.7886
-765.0613
907.3963
337.7080
-1144.6055
-75.3079
218.2600
-433.6362
911.4966
190.1857
917.8468
-906.8800
502.6741
543.9351
297.6760
-83.2774
170.5782
490.3318
480.7275
554.3737
496.0480
-637.9395
-568.8979
-481.6553
-1039.7100
300.9420
-982.8541
200.1455
-44.0110
-833.6667
-463.6497
-616.0056
-352.1028
-400.5303
-528.9584
-989.2078
270.3861
-505.6180
-947.2509
331.4590
-586.6462
-585.1747
-513.1786
271.5255
-1061.1310
-1063.7602
-1135.1973
788.3463
-1039.5260
-919.4416
-209.5221
-146.4463
-743.7197
126.7222
-1129.2365
841.1097
-1068.7062
873.6609
442.6093
908.5499
914.2100
-831.7117
932.4875
473.1202
-436.9466
-509.3323
-457.9115
-1065.0840
-957.8665
-431.6288
128.0386
-666.9819
229.2384
218.0068
462.2117
-164.8485
-151.2620
335.4995
-1173.5804
-231.8071
-263.6808
-331.1715
-349.4586
-272.3233
-1083.7100
399.9526
387.3401
-943.7947
447.2104
-635.0719
117.2791
-91.9732
-1202.1598
11.7850
-976.9616
525.7834
475.2644
-662.3160
364.6569
650.8556
-141.8446
541.2248
763.6730
-424.4802
-1102.6737
-922.6417
-972.2953
-421.2806
-317.4587
-417.9269
-1006.3892
-453.0256
537.1891
-252.7826
-392.3809
-587.3487
-292.6061
-375.0174
-1197.0328
-1039.3519
695.7861
702.3041
-1184.6796
-1145.2462
-1203.0376
-1179.0827
-1198.9418
-1233.5786
472.0708
-1176.2821
19.1348
-1219.9874
-1165.1932
-1144.5901
-1208.9926
-1188.8351
-1213.1452
-1213.7751
-1207.6965
-957.5532
-1202.2639
-1216.9587
-1187.1191
-1202.7804
-1205.6231
-189.2327
-983.4447
-1212.1560
-1192.0332
-1207.1794
-835.9122
-1209.2508
-387.7015
-1198.8492
151.5222
-941.5247
-462.1702
-1196.8146
-1182.7829
-247.2352
-1177.8258
536.5404
-1193.3252
-1185.6146
-713.8961
-1187.0823
93.1589
252.3049
-1199.8920
-575.8661
-579.8989
-612.0570
-708.8834
-640.0679
-757.7465
-721.0891
-187.3185
-320.5188
-1023.9430
-1075.1831
917.5239
-1103.4117
-1002.6899
-1093.2122
-548.8717
-1043.7305
931.5367
-1029.3631
-969.8274
506.3277
-1116.5847
-959.2593
-635.4170
-1068.1716
-1014.7692
-1064.1457
-1096.5470
-1091.6567
-1114.8620
-815.0124
-942.7491
-1126.8122
-789.9708
-723.5583
-1097.2383
-1187.2436
-632.4626
515.6737
-773.8381
-614.1077
-689.0707
673.7339
-1172.9784
153.8256
-256.3543
922.2782
66.2311
-11.2120
-1156.7280
941.8486
-1187.5189
160.9681
3.0038
87.5893
-761.7213
93.9601
21.9173
17.4292
12.9359
-1188.3691
-637.7414
-1210.5411
-714.3125
-782.2568
-634.2491
576.0979
-775.7434
-704.3068
454.2332
-1023.8564
-1052.1333
-1173.6127
-979.5925
-771.1160
-935.7155
-879.1491
-863.5490
-1051.3514
-1150.7971
522.2068
-1124.7026
-1131.7356
-301.9485
-1159.1683
-999.7913
-662.4114
-898.2828
-884.5644
-937.7515
-313.1399
-129.9762
-141.1838
-242.6419
93.2491
-761.5589
-738.0424
-218.0288
-328.1125
-606.4816
-314.7070
-510.4130
-648.9462
-373.2966
-1149.7092
-952.1211
244.5579
-641.7188
-1149.0722
-844.4122
345.7085
-1190.7553
-1201.1088
-1201.0388
-1169.6054
-180.3135
-876.4461
-1197.8328
-1176.7528
-830.4065
77.4785
-658.4501
169.5242
159.8729
-952.1556
88.8342
386.3291
-963.1751
-81.7824
-97.2846
-1001.0637
489.7555
935.3140
-169.0718
-19.0067
21.4990
77.2340
102.2374
-1203.1870
-766.4766
-1007.4432
-1123.1144
-1195.3645
-706.3610
-660.8094
-1081.3847
-1012.7689
-79.0344
-1150.7065
112.1121
-1169.0624
937.2994
-1180.7221
-1191.7876
418.6414
197.5772
-850.5245
-1172.3139
-1136.4533
-1114.7752
-1146.4010
-1057.2286
-1130.9367
-1147.1461
-1117.4269
-237.1786
168.8916
-355.6405
-529.5819
-1066.1781
-1097.8392
-1207.1237
-1062.7998
-1136.8139
-1166.2145
-1197.2746
-942.9388
-1205.9045
-1190.7115
-1177.5123
-1186.1890
-1188.3080
-1181.7917
-820.0003
-316.3846
420.4967
333.5462
252.8273
425.1552
252.4230
337.8005
-1191.2976
-1195.2585
-849.9280
-907.2863
-648.4352
-446.8022
-904.2985
-808.0440
-1018.3243
-959.0751
-1029.5795
-928.9280
-1048.2889
-1145.0648
-1002.4140
-1218.0069
458.2524
-1016.5323
-1138.5212
-1066.6711
-451.2640
-566.0150
-1068.4693
-86.7895
-379.2098
552.0086
-1211.4977
108.6215
-730.4973
381.7446
287.8218
-1032.6890
-1176.5921
-1061.9709
-931.8979
51.6560
-677.7055
-1003.2595
-755.9011
-575.9938
-1133.1626
-961.8989
139.9384
117.8577
-548.9956
463.3519
111.9879
-1150.2645
-178.9212
541.1309
211.7752
-632.2647
-94.2508
-53.2839
-1142.2187
-483.9072
-1024.9786
-1160.5529
-167.6506
-806.1719
-1195.0083
-942.7855
-910.9222
281.3363
-880.0283
-1176.7766
525.6464
449.4894
-1154.2144
-1181.5321
-846.9345
639.0116
-1130.2963
675.5680
-1191.8374
-1123.6300
640.3589
-334.8503
-868.9912
-1054.1199
-682.8797
-373.1722
544.4971
-274.3518
407.0802
-77.3571
-1169.7572
-1011.2132
-1202.4864
-1205.2248
-132.2635
-313.5986
-1217.5659
-663.4133
-755.8250
-226.2628
-537.8742
373.8511
133.1328
-961.8324
-1019.7377
-1195.6885
-1160.2148
-358.1282
-1149.4239
-1030.2255
468.1045
-616.5013
485.2967
-279.0047
526.0932
514.6562
485.2997
530.2913
-1214.6836
518.1270
-177.1468
-192.7040
412.9878
-198.3919
-508.4340
102.7268
-970.5632
404.3116
495.3377
-446.3176
154.4835
-1025.9788
237.5751
-290.4777
550.6463
-1171.7341
563.8183
-1143.6932
-1166.0805
-542.0648
-1205.3454
-1170.4363
-594.5775
765.6396
404.4340
439.2725
849.0700
308.2750
-409.3122
-447.5141
-128.8067
-38.3876
-732.8703
-244.8573
-680.8883
-956.6049
-220.3519
-965.2024
-906.8363
-1158.6616
-168.1139
-1028.5319
547.2118
-549.9255
-454.0456
562.2417
-1186.4621
-963.2396
-1184.2080
712.2670
-1087.0127
-426.2876
-1185.7921
-552.8811
-1188.5858
569.7871
-530.2375
-1188.1115
-1179.3581
-1192.7806
572.7126
-758.6674
587.3569
138.0217
596.2249
205.7908
588.0348
-833.0200
566.0853
-657.8789
-642.5835
-1194.7457
-643.0662
-1199.4936
-608.6461
-594.8499
-877.2254
-1198.7776
-1161.4023
-537.4286
-1145.5761
-496.3534
-428.8626
-1166.7463
-748.4474
-1204.0991
-950.0564
-709.4262
-849.1398
-901.9421
-964.5089
-1212.8476
-684.3362
-212.8107
-532.8216
-999.4424
-893.2846
-1025.1739
-1157.4920
646.4458
-812.2719
-1001.9231
-719.0806
-890.7522
-717.5913
-808.2502
-580.2183
831.4784
-1152.1466
-863.4132
-1065.9962
-536.9292
369.7808
-1175.9403
865.2404
-1057.1979
584.0341
856.2128
-331.4957
-1152.5534
-960.4240
337.5591
-1155.6399
-396.6605
204.3225
-1155.3622
-510.9246
-1111.4916
33.1746
-60.0160
-824.5444
-1164.5344
272.4771
-1171.2268
-404.3691
-54.1800
-1172.1352
-246.3086
-738.4823
-139.0085
-873.4182
-553.7818
-1190.2559
-1176.8339
-1181.7850
-1025.7161
303.7782
-1079.4130
-1203.7488
-1198.7564
-977.8160
431.4815
-991.7944
-1115.1812
579.1646
-115.7859
506.5479
-430.2018
-1206.5985
-459.1449
-613.3996
-150.0027
-987.4298
-689.3830
-1128.6596
359.5736
-957.4810
567.8662
-1198.6044
-1213.4057
-1160.9220
-1123.6673
-126.7596
-1131.0872
-309.4124
-1214.9087
-922.7098
-677.5511
-1122.8984
-956.7573
-1194.6257
-1157.7801
290.7572
-1046.3357
-1187.6236
-944.2765
-812.5555
-295.8710
-855.2946
-872.1225
-290.0040
-589.9897
-241.2198
523.7336
-561.9520
65.3170
-1145.1369
-1165.7529
264.3809
-1206.6431
-348.9110
252.5069
538.2253
-1143.4918
-1072.1399
-362.2991
554.6439
-812.2995
-1199.5366
-989.6009
277.7372
793.8120
-1036.9423
-1166.6282
-1050.9365
-1123.1815
-571.6432
-1144.1702
524.8942
621.5502
-743.9573
477.6493
556.1921
-312.7673
825.2677
843.2548
228.5658
673.9997
491.3832
560.7130
499.1489
-578.4204
-566.1362
-681.6979
874.7335
-371.4017
-592.1080
890.5084
-666.6469
-1171.1724
-590.0453
-705.2709
-360.4784
-269.3827
-862.9611
305.2421
653.5188
-1122.5304
-1041.7493
202.6035
590.5535
-928.6138
577.9822
589.0979
-16.1408
651.9594
817.0512
-150.6191
-433.3864
659.4216
-485.3185
273.7896
-614.4273
-706.4629
-603.4940
-1188.8300
-540.3754
-1094.3469
-749.4606
-1167.9825
-583.8901
-1214.1065
-690.0065
-1192.1661
-1224.7883
-555.4863
-829.9369
-1196.5974
-837.5688
-1202.8858
-1210.8659
-1182.0690
-1213.1776
-1174.7435
-1206.3035
896.1617
53.0815
-1115.3267
230.2617
-803.6214
-73.4672
-65.4126
-1081.7470
-923.7520
-728.7726
-905.2569
-528.4213
-558.8338
-842.7075
-1120.9916
-1110.3184
-1002.9144
898.9306
-737.3075
-835.1666
-1047.4006
-59.5142
-427.0990
-923.3185
232.4470
-1143.0831
-676.7412
76.9688
-340.8697
-1073.7155
-216.5726
-435.3599
41.3377
148.2293
-1206.2031
-1155.6853
-1171.2380
-1165.8680
-1181.1061
-1038.2155
-807.4730
-1197.5373
-457.7490
-193.5328
-478.2629
-560.8332
-1135.0023
144.2525
-524.4807
-631.9165
-224.3515
-616.0779
-976.5170
-1035.5500
312.5334
-15.5949
-1162.8904
156.6219
-1187.4928
-366.5517
-1181.1963
356.1000
503.8558
-1188.6686
-1105.4444
-1178.9652
548.7802
-865.3824
-1029.4891
-1082.2945
625.4801
641.4859
-38.8566
-935.2875
710.3719
681.0387
763.4076
750.0802
-1100.9991
-1105.2630
535.3235
213.6089
459.5075
-350.6495
467.8225
550.0989
-260.5050
459.0695
528.7006
-884.1685
537.9983
351.2396
558.4216
-1015.0564
696.1590
331.5803
-430.2155
-514.1542
-616.2077
-606.5622
-690.0406
-678.2671
-487.1784
860.6114
-577.4584
268.8109
-1007.4889
146.0597
-1150.6149
-1200.0330
-618.4222
-804.5631
-985.5964
-956.0260
-781.1565
-1202.3551
-830.6337
-326.8583
-1194.7097
-518.5880
-1133.4129
-1145.1050
-718.0187
-1164.5604
-1159.5386
-1182.2932
-1200.1592
-1179.6340
-1202.4574
-1204.6867
-791.2909
-819.2326
-460.0297
-553.0574
-830.0721
-526.0631
-421.3458
-500.0571
-713.3982
581.6233
655.2899
818.6809
-381.7468
-646.9504
-150.1454
-756.3095
-1167.5024
-1200.8559
-1169.1154
-1103.7392
-1143.4648
-1138.2118
-1053.7288
-1094.0793
-1049.3219
-1183.7721
-1019.6763
125.2266
272.6829
320.5279
-1106.0653
194.5204
498.8840
143.5466
550.0853
-1155.8507
-107.1045
-23.0376
53.1067
-1135.9047
529.5901
-191.3986
596.1173
-361.0079
33.2235
582.9161
421.8684
-986.5322
-826.1717
-1049.2428
-288.9109
-680.9570
-1114.2134
616.0938
604.5267
604.1339
-380.5002
593.1586
583.8171
482.5234
-731.2721
-1137.8389
-772.8954
274.1106
-1096.0448
515.9078
369.2932
808.4189
732.4919
-204.6297
-306.5838
-850.0226
911.8001
-1148.3183
188.9522
-581.1301
-643.6696
798.7109
116.9510
-613.1953
-816.9670
559.1838
-849.4467
-928.5274
443.4858
539.5262
773.4391
-905.7754
-1163.9473
-954.9081
-1124.6293
-968.1749
508.9602
845.7302
883.9415
-504.5682
-1086.5959
-43.9445
-408.5776
485.2828
930.4568
938.7834
-451.7152
-525.8037
-1007.9376
-1068.3896